Top_by_Computation_Time
node type,  first,  avg_ms,  %,  cdf%,  mem KB,  times called,  name
RFFT2D,  0.411,  0.437827,  29.7401%,  29.7401%,  0,  1,  [stft/rfft4]:6
CONV_2D,  0.308,  0.361931,  24.5847%,  54.3248%,  0,  1,  [sequential_1/conv2d_3/Relu;sequential_1/conv2d_3/BiasAdd;sequential_1/conv2d_3/Conv2D;sequential_1/conv2d_3/BiasAdd/ReadVariableOp]:12
FULLY_CONNECTED,  0.301,  0.310669,  21.1026%,  75.4274%,  0,  1,  [sequential_1/dense_2/MatMul;sequential_1/dense_2/Relu;sequential_1/dense_2/BiasAdd]:15
GATHER,  0.162,  0.139339,  9.4648%,  84.8922%,  0,  1,  [stft/frame/GatherV2;stft/frame/GatherV2/axis]:1
COMPLEX_ABS,  0.056,  0.080545,  5.47114%,  90.3634%,  0,  1,  [Abs]:8
CONV_2D,  0.066,  0.0565038,  3.8381%,  94.2015%,  0,  1,  [sequential_1/conv2d_2/Relu;sequential_1/conv2d_2/BiasAdd;sequential_1/conv2d_2/Conv2D;sequential_1/conv2d_2/BiasAdd/ReadVariableOp2]:11
MAX_POOL_2D,  0.027,  0.0305878,  2.07772%,  96.2792%,  0,  1,  [sequential_1/max_pooling2d_1/MaxPool]:13
RESIZE_BILINEAR,  0.02,  0.0279099,  1.89582%,  98.175%,  0,  1,  [sequential_1/resizing_1/resize/ResizeBilinear]:10
MUL,  0.013,  0.00881985,  0.599101%,  98.7741%,  0,  1,  [stft/mul]:3
