Top_by_Computation_Time
node type,  first,  avg_ms,  %,  cdf%,  mem KB,  times called,  name
RFFT2D,  0.34,  0.585375,  34.045%,  34.045%,  0,  1,  [stft/rfft4]:6
FULLY_CONNECTED,  0.301,  0.332902,  19.3614%,  53.4064%,  0,  1,  [sequential_1/dense_2/MatMul;sequential_1/dense_2/Relu;sequential_1/dense_2/BiasAdd]:15
CONV_2D,  0.323,  0.325827,  18.9499%,  72.3563%,  0,  1,  [sequential_1/conv2d_3/Relu;sequential_1/conv2d_3/BiasAdd;sequential_1/conv2d_3/Conv2D;sequential_1/conv2d_3/BiasAdd/ReadVariableOp]:12
GATHER,  0.228,  0.176112,  10.2426%,  82.5989%,  0,  1,  [stft/frame/GatherV2;stft/frame/GatherV2/axis]:1
COMPLEX_ABS,  0.068,  0.111523,  6.48611%,  89.085%,  0,  1,  [Abs]:8
CONV_2D,  1.045,  0.0864021,  5.02509%,  94.1101%,  0,  1,  [sequential_1/conv2d_2/Relu;sequential_1/conv2d_2/BiasAdd;sequential_1/conv2d_2/Conv2D;sequential_1/conv2d_2/BiasAdd/ReadVariableOp2]:11
RESIZE_BILINEAR,  0.021,  0.0372544,  2.16669%,  96.2768%,  0,  1,  [sequential_1/resizing_1/resize/ResizeBilinear]:10
MAX_POOL_2D,  0.036,  0.0362117,  2.10605%,  98.3828%,  0,  1,  [sequential_1/max_pooling2d_1/MaxPool]:13
MUL,  0.01,  0.00952313,  0.553859%,  98.9367%,  0,  1,  [stft/mul]:3
