Top_by_Computation_Time
node type,  start,  first,  avg_ms,  %,  cdf%,  mem KB,  times called,  name
CONV_2D,  4.3241,  7.282,  7.25297,  41.944%,  41.944%,  0,  1,  [sequential_1/conv2d_3/Relu;sequential_1/conv2d_3/BiasAdd;sequential_1/conv2d_3/Conv2D;sequential_1/conv2d_3/BiasAdd/ReadVariableOp]:12
FULLY_CONNECTED,  11.8707,  5.466,  5.40499,  31.2572%,  73.2012%,  0,  1,  [sequential_1/dense_2/MatMul;sequential_1/dense_2/Relu;sequential_1/dense_2/BiasAdd]:15
RFFT2D,  0.923707,  2.119,  2.14703,  12.4163%,  85.6175%,  0,  1,  [stft/rfft4]:6
COMPLEX_ABS,  3.09252,  0.731,  0.742489,  4.29383%,  89.9113%,  0,  1,  [Abs]:8
GATHER,  0.039128,  0.739,  0.705985,  4.08272%,  93.994%,  0,  1,  [stft/frame/GatherV2;stft/frame/GatherV2/axis]:1
CONV_2D,  4.01048,  0.307,  0.313012,  1.81015%,  95.8042%,  0,  1,  [sequential_1/conv2d_2/Relu;sequential_1/conv2d_2/BiasAdd;sequential_1/conv2d_2/Conv2D;sequential_1/conv2d_2/BiasAdd/ReadVariableOp2]:11
MAX_POOL_2D,  11.5787,  0.275,  0.280119,  1.61993%,  97.4241%,  0,  1,  [sequential_1/max_pooling2d_1/MaxPool]:13
RESIZE_BILINEAR,  3.84647,  0.161,  0.163543,  0.945772%,  98.3699%,  0,  1,  [sequential_1/resizing_1/resize/ResizeBilinear]:10
MUL,  0.769278,  0.07,  0.070767,  0.409247%,  98.7791%,  0,  1,  [stft/mul]:3
