Top_by_Computation_Time
node type,  first,  avg_ms,  %,  cdf%,  mem KB,  times called,  name
CONV_2D,  0.52,  0.515791,  35.0098%,  35.0098%,  0,  1,  [sequential_1/conv2d_3/Relu;sequential_1/conv2d_3/BiasAdd;sequential_1/conv2d_3/Conv2D;sequential_1/conv2d_3/BiasAdd/ReadVariableOp]:12
RFFT2D,  0.385,  0.350376,  23.7821%,  58.792%,  0,  1,  [stft/rfft4]:6
FULLY_CONNECTED,  0.322,  0.325594,  22.1%,  80.892%,  0,  1,  [sequential_1/dense_2/MatMul;sequential_1/dense_2/Relu;sequential_1/dense_2/BiasAdd]:15
GATHER,  0.191,  0.10816,  7.34147%,  88.2335%,  0,  1,  [stft/frame/GatherV2;stft/frame/GatherV2/axis]:1
COMPLEX_ABS,  0.057,  0.061226,  4.15578%,  92.3893%,  0,  1,  [Abs]:8
CONV_2D,  0.062,  0.038465,  2.61085%,  95.0001%,  0,  1,  [sequential_1/conv2d_2/Relu;sequential_1/conv2d_2/BiasAdd;sequential_1/conv2d_2/Conv2D;sequential_1/conv2d_2/BiasAdd/ReadVariableOp2]:11
MAX_POOL_2D,  0.026,  0.028204,  1.91438%,  96.9145%,  0,  1,  [sequential_1/max_pooling2d_1/MaxPool]:13
RESIZE_BILINEAR,  0.021,  0.02097,  1.42336%,  98.3378%,  0,  1,  [sequential_1/resizing_1/resize/ResizeBilinear]:10
MUL,  0.018,  0.007886,  0.53527%,  98.8731%,  0,  1,  [stft/mul]:3
