Top_by_Computation_Time
node type,  start,  first,  avg_ms,  %,  cdf%,  mem KB,  times called,  name
CONV_2D,  4.33547,  7.193,  7.22146,  41.8194%,  41.8194%,  0,  1,  [sequential_1/conv2d_3/Relu;sequential_1/conv2d_3/BiasAdd;sequential_1/conv2d_3/Conv2D;sequential_1/conv2d_3/BiasAdd/ReadVariableOp]:12
FULLY_CONNECTED,  11.8462,  5.434,  5.40671,  31.3102%,  73.1297%,  0,  1,  [sequential_1/dense_2/MatMul;sequential_1/dense_2/Relu;sequential_1/dense_2/BiasAdd]:15
RFFT2D,  0.928455,  2.145,  2.14973,  12.4491%,  85.5788%,  0,  1,  [stft/rfft4]:6
COMPLEX_ABS,  3.10035,  0.817,  0.743847,  4.30761%,  89.8864%,  0,  1,  [Abs]:8
GATHER,  0.03974,  0.695,  0.704631,  4.08051%,  93.9669%,  0,  1,  [stft/frame/GatherV2;stft/frame/GatherV2/axis]:1
CONV_2D,  4.01893,  0.313,  0.315786,  1.82871%,  95.7956%,  0,  1,  [sequential_1/conv2d_2/Relu;sequential_1/conv2d_2/BiasAdd;sequential_1/conv2d_2/Conv2D;sequential_1/conv2d_2/BiasAdd/ReadVariableOp2]:11
MAX_POOL_2D,  11.5587,  0.314,  0.275968,  1.59813%,  97.3937%,  0,  1,  [sequential_1/max_pooling2d_1/MaxPool]:13
RESIZE_BILINEAR,  3.85562,  0.161,  0.162716,  0.942287%,  98.336%,  0,  1,  [sequential_1/resizing_1/resize/ResizeBilinear]:10
MUL,  0.771214,  0.069,  0.071781,  0.415683%,  98.7517%,  0,  1,  [stft/mul]:3
