Profiling Info for Benchmark Initialization:
============================== Run Order ==============================
node type, first, avg_ms, %, cdf%, mem KB, times called, name
ModifyGraphWithDelegate, 0.109, 0.109, 54.7739%, 54.7739%, 0, 1, ModifyGraphWithDelegate/0
AllocateTensors, 0.09, 0.09, 45.2261%, 100%, 0, 1, AllocateTensors/0

============================== Top by Computation Time ==============================
node type, first, avg_ms, %, cdf%, mem KB, times called, name
ModifyGraphWithDelegate, 0.109, 0.109, 54.7739%, 54.7739%, 0, 1, ModifyGraphWithDelegate/0
AllocateTensors, 0.09, 0.09, 45.2261%, 100%, 0, 1, AllocateTensors/0

Number of nodes executed: 2
============================== Summary by node type ==============================
node type, count, avg_ms, avg %, cdf %, mem KB, times called
ModifyGraphWithDelegate, 1, 0.109, 54.7739%, 54.7739%, 0, 1
AllocateTensors, 1, 0.09, 45.2261%, 100%, 0, 1

Timings (microseconds): count=1 curr=199
Memory (bytes): count=0
2 nodes observed


Operator-wise Profiling Info for Regular Benchmark Runs:
============================== Run Order ==============================
node type, first, avg_ms, %, cdf%, mem KB, times called, name
RESHAPE, 0.004, 0.003567, 0.242114%, 0.242114%, 0, 1, [stft/frame/Reshape]:0
GATHER, 0.191, 0.10816, 7.34147%, 7.58359%, 0, 1, [stft/frame/GatherV2;stft/frame/GatherV2/axis]:1
RESHAPE, 0.001, 0.000251, 0.0170369%, 7.60062%, 0, 1, [stft/frame/Reshape_3]:2
MUL, 0.018, 0.007886, 0.53527%, 8.13589%, 0, 1, [stft/mul]:3
PAD, 0.064, 0.007202, 0.488843%, 8.62474%, 0, 1, [stft/rfft/Pad]:4
RESHAPE, 0.001, 0.00013, 0.00882388%, 8.63356%, 0, 1, [stft/rfft3]:5
RFFT2D, 0.385, 0.350376, 23.7821%, 32.4157%, 0, 1, [stft/rfft4]:6
RESHAPE, 0.001, 0.000377, 0.0255893%, 32.4413%, 0, 1, [stft/rfft5]:7
COMPLEX_ABS, 0.057, 0.061226, 4.15578%, 36.5971%, 0, 1, [Abs]:8
RESHAPE, 0, 0.00022, 0.0149327%, 36.612%, 0, 1, [ExpandDims1]:9
RESIZE_BILINEAR, 0.021, 0.02097, 1.42336%, 38.0354%, 0, 1, [sequential_1/resizing_1/resize/ResizeBilinear]:10
CONV_2D, 0.062, 0.038465, 2.61085%, 40.6462%, 0, 1, [sequential_1/conv2d_2/Relu;sequential_1/conv2d_2/BiasAdd;sequential_1/conv2d_2/Conv2D;sequential_1/conv2d_2/BiasAdd/ReadVariableOp2]:11
CONV_2D, 0.52, 0.515791, 35.0098%, 75.6561%, 0, 1, [sequential_1/conv2d_3/Relu;sequential_1/conv2d_3/BiasAdd;sequential_1/conv2d_3/Conv2D;sequential_1/conv2d_3/BiasAdd/ReadVariableOp]:12
MAX_POOL_2D, 0.026, 0.028204, 1.91438%, 77.5704%, 0, 1, [sequential_1/max_pooling2d_1/MaxPool]:13
RESHAPE, 0.001, 0.000246, 0.0166975%, 77.5871%, 0, 1, [sequential_1/flatten_1/Reshape]:14
FULLY_CONNECTED, 0.322, 0.325594, 22.1%, 99.6872%, 0, 1, [sequential_1/dense_2/MatMul;sequential_1/dense_2/Relu;sequential_1/dense_2/BiasAdd]:15
FULLY_CONNECTED, 0.002, 0.001563, 0.10609%, 99.7933%, 0, 1, [StatefulPartitionedCall:2]:16
ARG_MAX, 0.001, 0.001339, 0.090886%, 99.8841%, 0, 1, [StatefulPartitionedCall:0]:17
GATHER, 0.002, 0.001707, 0.115864%, 100%, 0, 1, [StatefulPartitionedCall:1]:18

============================== Top by Computation Time ==============================
node type, first, avg_ms, %, cdf%, mem KB, times called, name
CONV_2D, 0.52, 0.515791, 35.0098%, 35.0098%, 0, 1, [sequential_1/conv2d_3/Relu;sequential_1/conv2d_3/BiasAdd;sequential_1/conv2d_3/Conv2D;sequential_1/conv2d_3/BiasAdd/ReadVariableOp]:12
RFFT2D, 0.385, 0.350376, 23.7821%, 58.792%, 0, 1, [stft/rfft4]:6
FULLY_CONNECTED, 0.322, 0.325594, 22.1%, 80.892%, 0, 1, [sequential_1/dense_2/MatMul;sequential_1/dense_2/Relu;sequential_1/dense_2/BiasAdd]:15
GATHER, 0.191, 0.10816, 7.34147%, 88.2335%, 0, 1, [stft/frame/GatherV2;stft/frame/GatherV2/axis]:1
COMPLEX_ABS, 0.057, 0.061226, 4.15578%, 92.3893%, 0, 1, [Abs]:8
CONV_2D, 0.062, 0.038465, 2.61085%, 95.0001%, 0, 1, [sequential_1/conv2d_2/Relu;sequential_1/conv2d_2/BiasAdd;sequential_1/conv2d_2/Conv2D;sequential_1/conv2d_2/BiasAdd/ReadVariableOp2]:11
MAX_POOL_2D, 0.026, 0.028204, 1.91438%, 96.9145%, 0, 1, [sequential_1/max_pooling2d_1/MaxPool]:13
RESIZE_BILINEAR, 0.021, 0.02097, 1.42336%, 98.3378%, 0, 1, [sequential_1/resizing_1/resize/ResizeBilinear]:10
MUL, 0.018, 0.007886, 0.53527%, 98.8731%, 0, 1, [stft/mul]:3
PAD, 0.064, 0.007202, 0.488843%, 99.362%, 0, 1, [stft/rfft/Pad]:4

Number of nodes executed: 19
============================== Summary by node type ==============================
node type, count, avg_ms, avg %, cdf %, mem KB, times called
CONV_2D, 2, 0.553, 37.7474%, 37.7474%, 0, 2
RFFT2D, 1, 0.35, 23.8908%, 61.6382%, 0, 1
FULLY_CONNECTED, 2, 0.326, 22.2526%, 83.8908%, 0, 2
GATHER, 2, 0.109, 7.44027%, 91.3311%, 0, 2
COMPLEX_ABS, 1, 0.061, 4.16382%, 95.4949%, 0, 1
MAX_POOL_2D, 1, 0.028, 1.91126%, 97.4061%, 0, 1
RESIZE_BILINEAR, 1, 0.02, 1.36519%, 98.7713%, 0, 1
PAD, 1, 0.007, 0.477816%, 99.2491%, 0, 1
MUL, 1, 0.007, 0.477816%, 99.727%, 0, 1
RESHAPE, 6, 0.003, 0.204778%, 99.9317%, 0, 6
ARG_MAX, 1, 0.001, 0.0682594%, 100%, 0, 1

Timings (microseconds): count=1000 first=1679 curr=1372 min=1342 max=3176 avg=1473.27 std=199
Memory (bytes): count=0
19 nodes observed


