Profiling Info for Benchmark Initialization:
============================== Run Order ==============================
node type, first, avg_ms, %, cdf%, mem KB, times called, name
ModifyGraphWithDelegate, 0.087, 0.087, 60.8392%, 60.8392%, 0, 1, ModifyGraphWithDelegate/0
AllocateTensors, 0.056, 0.056, 39.1608%, 100%, 0, 1, AllocateTensors/0

============================== Top by Computation Time ==============================
node type, first, avg_ms, %, cdf%, mem KB, times called, name
ModifyGraphWithDelegate, 0.087, 0.087, 60.8392%, 60.8392%, 0, 1, ModifyGraphWithDelegate/0
AllocateTensors, 0.056, 0.056, 39.1608%, 100%, 0, 1, AllocateTensors/0

Number of nodes executed: 2
============================== Summary by node type ==============================
node type, count, avg_ms, avg %, cdf %, mem KB, times called
ModifyGraphWithDelegate, 1, 0.087, 60.8392%, 60.8392%, 0, 1
AllocateTensors, 1, 0.056, 39.1608%, 100%, 0, 1

Timings (microseconds): count=1 curr=143
Memory (bytes): count=0
2 nodes observed


Operator-wise Profiling Info for Regular Benchmark Runs:
============================== Run Order ==============================
node type, first, avg_ms, %, cdf%, mem KB, times called, name
RESHAPE, 0.104, 0.003732, 0.20868%, 0.20868%, 0, 1, [stft/frame/Reshape]:0
GATHER, 0.335, 0.176094, 9.84652%, 10.0552%, 0, 1, [stft/frame/GatherV2;stft/frame/GatherV2/axis]:1
RESHAPE, 0.001, 0.000299, 0.016719%, 10.0719%, 0, 1, [stft/frame/Reshape_3]:2
MUL, 0.011, 0.010554, 0.59014%, 10.6621%, 0, 1, [stft/mul]:3
PAD, 0.007, 0.008306, 0.464441%, 11.1265%, 0, 1, [stft/rfft/Pad]:4
RESHAPE, 0.001, 0.000222, 0.0124134%, 11.1389%, 0, 1, [stft/rfft3]:5
RFFT2D, 0.634, 0.603143, 33.7255%, 44.8644%, 0, 1, [stft/rfft4]:6
RESHAPE, 0, 0.00042, 0.0234848%, 44.8879%, 0, 1, [stft/rfft5]:7
COMPLEX_ABS, 0.107, 0.117536, 6.57218%, 51.4601%, 0, 1, [Abs]:8
RESHAPE, 0, 0.000291, 0.0162716%, 51.4764%, 0, 1, [ExpandDims1]:9
RESIZE_BILINEAR, 0.036, 0.038649, 2.16111%, 53.6375%, 0, 1, [sequential_1/resizing_1/resize/ResizeBilinear]:10
CONV_2D, 0.051, 0.096074, 5.3721%, 59.0096%, 0, 1, [sequential_1/conv2d_2/Relu;sequential_1/conv2d_2/BiasAdd;sequential_1/conv2d_2/Conv2D;sequential_1/conv2d_2/BiasAdd/ReadVariableOp2]:11
CONV_2D, 0.28, 0.345816, 19.3367%, 78.3463%, 0, 1, [sequential_1/conv2d_3/Relu;sequential_1/conv2d_3/BiasAdd;sequential_1/conv2d_3/Conv2D;sequential_1/conv2d_3/BiasAdd/ReadVariableOp]:12
MAX_POOL_2D, 0.038, 0.037678, 2.10681%, 80.4531%, 0, 1, [sequential_1/max_pooling2d_1/MaxPool]:13
RESHAPE, 0.001, 0.000288, 0.0161039%, 80.4692%, 0, 1, [sequential_1/flatten_1/Reshape]:14
FULLY_CONNECTED, 0.275, 0.34376, 19.2218%, 99.691%, 0, 1, [sequential_1/dense_2/MatMul;sequential_1/dense_2/Relu;sequential_1/dense_2/BiasAdd]:15
FULLY_CONNECTED, 0.003, 0.002145, 0.11994%, 99.811%, 0, 1, [StatefulPartitionedCall:2]:16
ARG_MAX, 0.002, 0.0017, 0.0950577%, 99.906%, 0, 1, [StatefulPartitionedCall:0]:17
GATHER, 0.002, 0.001681, 0.0939953%, 100%, 0, 1, [StatefulPartitionedCall:1]:18

============================== Top by Computation Time ==============================
node type, first, avg_ms, %, cdf%, mem KB, times called, name
RFFT2D, 0.634, 0.603143, 33.7255%, 33.7255%, 0, 1, [stft/rfft4]:6
CONV_2D, 0.28, 0.345816, 19.3367%, 53.0623%, 0, 1, [sequential_1/conv2d_3/Relu;sequential_1/conv2d_3/BiasAdd;sequential_1/conv2d_3/Conv2D;sequential_1/conv2d_3/BiasAdd/ReadVariableOp]:12
FULLY_CONNECTED, 0.275, 0.34376, 19.2218%, 72.284%, 0, 1, [sequential_1/dense_2/MatMul;sequential_1/dense_2/Relu;sequential_1/dense_2/BiasAdd]:15
GATHER, 0.335, 0.176094, 9.84652%, 82.1306%, 0, 1, [stft/frame/GatherV2;stft/frame/GatherV2/axis]:1
COMPLEX_ABS, 0.107, 0.117536, 6.57218%, 88.7027%, 0, 1, [Abs]:8
CONV_2D, 0.051, 0.096074, 5.3721%, 94.0748%, 0, 1, [sequential_1/conv2d_2/Relu;sequential_1/conv2d_2/BiasAdd;sequential_1/conv2d_2/Conv2D;sequential_1/conv2d_2/BiasAdd/ReadVariableOp2]:11
RESIZE_BILINEAR, 0.036, 0.038649, 2.16111%, 96.2359%, 0, 1, [sequential_1/resizing_1/resize/ResizeBilinear]:10
MAX_POOL_2D, 0.038, 0.037678, 2.10681%, 98.3428%, 0, 1, [sequential_1/max_pooling2d_1/MaxPool]:13
MUL, 0.011, 0.010554, 0.59014%, 98.9329%, 0, 1, [stft/mul]:3
PAD, 0.007, 0.008306, 0.464441%, 99.3973%, 0, 1, [stft/rfft/Pad]:4

Number of nodes executed: 19
============================== Summary by node type ==============================
node type, count, avg_ms, avg %, cdf %, mem KB, times called
RFFT2D, 1, 0.603, 33.8764%, 33.8764%, 0, 1
CONV_2D, 2, 0.441, 24.7753%, 58.6517%, 0, 2
FULLY_CONNECTED, 2, 0.345, 19.382%, 78.0337%, 0, 2
GATHER, 2, 0.177, 9.94382%, 87.9775%, 0, 2
COMPLEX_ABS, 1, 0.117, 6.57303%, 94.5506%, 0, 1
RESIZE_BILINEAR, 1, 0.038, 2.13483%, 96.6854%, 0, 1
MAX_POOL_2D, 1, 0.037, 2.07865%, 98.764%, 0, 1
MUL, 1, 0.01, 0.561798%, 99.3258%, 0, 1
PAD, 1, 0.008, 0.449438%, 99.7753%, 0, 1
RESHAPE, 6, 0.003, 0.168539%, 99.9438%, 0, 6
ARG_MAX, 1, 0.001, 0.0561798%, 100%, 0, 1

Timings (microseconds): count=1000 first=1888 curr=1592 min=1292 max=9647 avg=1788.39 std=775
Memory (bytes): count=0
19 nodes observed


