Profiling Info for Benchmark Initialization:
============================== Run Order ==============================
node type, first, avg_ms, %, cdf%, mem KB, times called, name
ModifyGraphWithDelegate, 2.229, 2.229, 63.0373%, 63.0373%, 0, 1, ModifyGraphWithDelegate/0
AllocateTensors, 1.307, 1.307, 36.9627%, 100%, 0, 1, AllocateTensors/0

============================== Top by Computation Time ==============================
node type, first, avg_ms, %, cdf%, mem KB, times called, name
ModifyGraphWithDelegate, 2.229, 2.229, 63.0373%, 63.0373%, 0, 1, ModifyGraphWithDelegate/0
AllocateTensors, 1.307, 1.307, 36.9627%, 100%, 0, 1, AllocateTensors/0

Number of nodes executed: 2
============================== Summary by node type ==============================
node type, count, avg_ms, avg %, cdf %, mem KB, times called
ModifyGraphWithDelegate, 1, 2.229, 63.0373%, 63.0373%, 0, 1
AllocateTensors, 1, 1.307, 36.9627%, 100%, 0, 1

Timings (microseconds): count=1 curr=3536
Memory (bytes): count=0
2 nodes observed


Operator-wise Profiling Info for Regular Benchmark Runs:
============================== Run Order ==============================
node type, first, avg_ms, %, cdf%, mem KB, times called, name
RESHAPE, 0.003, 0.003278, 0.221219%, 0.221219%, 0, 1, [stft/frame/Reshape]:0
GATHER, 0.153, 0.11218, 7.57059%, 7.79181%, 0, 1, [stft/frame/GatherV2;stft/frame/GatherV2/axis]:1
RESHAPE, 0.001, 0.000254, 0.0171415%, 7.80895%, 0, 1, [stft/frame/Reshape_3]:2
MUL, 0.008, 0.008161, 0.550754%, 8.3597%, 0, 1, [stft/mul]:3
PAD, 0.007, 0.007461, 0.503514%, 8.86322%, 0, 1, [stft/rfft/Pad]:4
RESHAPE, 0, 0.000114, 0.00769341%, 8.87091%, 0, 1, [stft/rfft3]:5
RFFT2D, 0.428, 0.353963, 23.8876%, 32.7585%, 0, 1, [stft/rfft4]:6
RESHAPE, 0, 0.000365, 0.0246324%, 32.7831%, 0, 1, [stft/rfft5]:7
COMPLEX_ABS, 0.055, 0.061274, 4.13514%, 36.9183%, 0, 1, [Abs]:8
RESHAPE, 0, 0.000201, 0.0135647%, 36.9318%, 0, 1, [ExpandDims1]:9
RESIZE_BILINEAR, 0.021, 0.021154, 1.4276%, 38.3594%, 0, 1, [sequential_1/resizing_1/resize/ResizeBilinear]:10
CONV_2D, 0.036, 0.038748, 2.61495%, 40.9744%, 0, 1, [sequential_1/conv2d_2/Relu;sequential_1/conv2d_2/BiasAdd;sequential_1/conv2d_2/Conv2D;sequential_1/conv2d_2/BiasAdd/ReadVariableOp2]:11
CONV_2D, 0.486, 0.51198, 34.5515%, 75.5259%, 0, 1, [sequential_1/conv2d_3/Relu;sequential_1/conv2d_3/BiasAdd;sequential_1/conv2d_3/Conv2D;sequential_1/conv2d_3/BiasAdd/ReadVariableOp]:12
MAX_POOL_2D, 0.027, 0.028355, 1.91357%, 77.4395%, 0, 1, [sequential_1/max_pooling2d_1/MaxPool]:13
RESHAPE, 0.001, 0.000226, 0.0152519%, 77.4547%, 0, 1, [sequential_1/flatten_1/Reshape]:14
FULLY_CONNECTED, 0.332, 0.329531, 22.2388%, 99.6935%, 0, 1, [sequential_1/dense_2/MatMul;sequential_1/dense_2/Relu;sequential_1/dense_2/BiasAdd]:15
FULLY_CONNECTED, 0.002, 0.00158, 0.106628%, 99.8001%, 0, 1, [StatefulPartitionedCall:2]:16
ARG_MAX, 0.001, 0.001169, 0.0788912%, 99.879%, 0, 1, [StatefulPartitionedCall:0]:17
GATHER, 0.002, 0.001793, 0.121003%, 100%, 0, 1, [StatefulPartitionedCall:1]:18

============================== Top by Computation Time ==============================
node type, first, avg_ms, %, cdf%, mem KB, times called, name
CONV_2D, 0.486, 0.51198, 34.5515%, 34.5515%, 0, 1, [sequential_1/conv2d_3/Relu;sequential_1/conv2d_3/BiasAdd;sequential_1/conv2d_3/Conv2D;sequential_1/conv2d_3/BiasAdd/ReadVariableOp]:12
RFFT2D, 0.428, 0.353963, 23.8876%, 58.4391%, 0, 1, [stft/rfft4]:6
FULLY_CONNECTED, 0.332, 0.329531, 22.2388%, 80.6779%, 0, 1, [sequential_1/dense_2/MatMul;sequential_1/dense_2/Relu;sequential_1/dense_2/BiasAdd]:15
GATHER, 0.153, 0.11218, 7.57059%, 88.2484%, 0, 1, [stft/frame/GatherV2;stft/frame/GatherV2/axis]:1
COMPLEX_ABS, 0.055, 0.061274, 4.13514%, 92.3836%, 0, 1, [Abs]:8
CONV_2D, 0.036, 0.038748, 2.61495%, 94.9985%, 0, 1, [sequential_1/conv2d_2/Relu;sequential_1/conv2d_2/BiasAdd;sequential_1/conv2d_2/Conv2D;sequential_1/conv2d_2/BiasAdd/ReadVariableOp2]:11
MAX_POOL_2D, 0.027, 0.028355, 1.91357%, 96.9121%, 0, 1, [sequential_1/max_pooling2d_1/MaxPool]:13
RESIZE_BILINEAR, 0.021, 0.021154, 1.4276%, 98.3397%, 0, 1, [sequential_1/resizing_1/resize/ResizeBilinear]:10
MUL, 0.008, 0.008161, 0.550754%, 98.8905%, 0, 1, [stft/mul]:3
PAD, 0.007, 0.007461, 0.503514%, 99.394%, 0, 1, [stft/rfft/Pad]:4

Number of nodes executed: 19
============================== Summary by node type ==============================
node type, count, avg_ms, avg %, cdf %, mem KB, times called
CONV_2D, 2, 0.549, 37.2456%, 37.2456%, 0, 2
RFFT2D, 1, 0.353, 23.9484%, 61.194%, 0, 1
FULLY_CONNECTED, 2, 0.33, 22.3881%, 83.5821%, 0, 2
GATHER, 2, 0.113, 7.66621%, 91.2483%, 0, 2
COMPLEX_ABS, 1, 0.061, 4.1384%, 95.3867%, 0, 1
MAX_POOL_2D, 1, 0.028, 1.89959%, 97.2863%, 0, 1
RESIZE_BILINEAR, 1, 0.021, 1.42469%, 98.711%, 0, 1
MUL, 1, 0.008, 0.542741%, 99.2537%, 0, 1
PAD, 1, 0.007, 0.474898%, 99.7286%, 0, 1
RESHAPE, 6, 0.003, 0.203528%, 99.9322%, 0, 6
ARG_MAX, 1, 0.001, 0.0678426%, 100%, 0, 1

Timings (microseconds): count=1000 first=1563 curr=1561 min=1338 max=2894 avg=1481.79 std=194
Memory (bytes): count=0
19 nodes observed


