Top_by_Computation_Time
node type,  first,  avg_ms,  %,  cdf%,  mem KB,  times called,  name
CONV_2D,  0.498,  0.50184,  34.0123%,  34.0123%,  0,  1,  [sequential_1/conv2d_3/Relu;sequential_1/conv2d_3/BiasAdd;sequential_1/conv2d_3/Conv2D;sequential_1/conv2d_3/BiasAdd/ReadVariableOp]:12
RFFT2D,  0.433,  0.349638,  23.6967%,  57.709%,  0,  1,  [stft/rfft4]:6
FULLY_CONNECTED,  0.382,  0.349389,  23.6799%,  81.3889%,  0,  1,  [sequential_1/dense_2/MatMul;sequential_1/dense_2/Relu;sequential_1/dense_2/BiasAdd]:15
GATHER,  0.445,  0.105427,  7.14532%,  88.5342%,  0,  1,  [stft/frame/GatherV2;stft/frame/GatherV2/axis]:1
COMPLEX_ABS,  0.054,  0.0597675,  4.05074%,  92.5849%,  0,  1,  [Abs]:8
CONV_2D,  0.037,  0.0372128,  2.5221%,  95.107%,  0,  1,  [sequential_1/conv2d_2/Relu;sequential_1/conv2d_2/BiasAdd;sequential_1/conv2d_2/Conv2D;sequential_1/conv2d_2/BiasAdd/ReadVariableOp2]:11
MAX_POOL_2D,  0.027,  0.0280517,  1.9012%,  97.0082%,  0,  1,  [sequential_1/max_pooling2d_1/MaxPool]:13
RESIZE_BILINEAR,  0.02,  0.0206337,  1.39845%,  98.4067%,  0,  1,  [sequential_1/resizing_1/resize/ResizeBilinear]:10
MUL,  0.012,  0.0075304,  0.510373%,  98.917%,  0,  1,  [stft/mul]:3
