Top_by_Computation_Time
node type,  first,  avg_ms,  %,  cdf%,  mem KB,  times called,  name
RFFT2D,  0.634,  0.603143,  33.7255%,  33.7255%,  0,  1,  [stft/rfft4]:6
CONV_2D,  0.28,  0.345816,  19.3367%,  53.0623%,  0,  1,  [sequential_1/conv2d_3/Relu;sequential_1/conv2d_3/BiasAdd;sequential_1/conv2d_3/Conv2D;sequential_1/conv2d_3/BiasAdd/ReadVariableOp]:12
FULLY_CONNECTED,  0.275,  0.34376,  19.2218%,  72.284%,  0,  1,  [sequential_1/dense_2/MatMul;sequential_1/dense_2/Relu;sequential_1/dense_2/BiasAdd]:15
GATHER,  0.335,  0.176094,  9.84652%,  82.1306%,  0,  1,  [stft/frame/GatherV2;stft/frame/GatherV2/axis]:1
COMPLEX_ABS,  0.107,  0.117536,  6.57218%,  88.7027%,  0,  1,  [Abs]:8
CONV_2D,  0.051,  0.096074,  5.3721%,  94.0748%,  0,  1,  [sequential_1/conv2d_2/Relu;sequential_1/conv2d_2/BiasAdd;sequential_1/conv2d_2/Conv2D;sequential_1/conv2d_2/BiasAdd/ReadVariableOp2]:11
RESIZE_BILINEAR,  0.036,  0.038649,  2.16111%,  96.2359%,  0,  1,  [sequential_1/resizing_1/resize/ResizeBilinear]:10
MAX_POOL_2D,  0.038,  0.037678,  2.10681%,  98.3428%,  0,  1,  [sequential_1/max_pooling2d_1/MaxPool]:13
MUL,  0.011,  0.010554,  0.59014%,  98.9329%,  0,  1,  [stft/mul]:3
