Profiling Info for Benchmark Initialization:
============================== Run Order ==============================
node type, start, first, avg_ms, %, cdf%, mem KB, times called, name
AllocateTensors, 0, 0.162, 0.162, 100%, 100%, 0, 1, AllocateTensors/0

============================== Top by Computation Time ==============================
node type, start, first, avg_ms, %, cdf%, mem KB, times called, name
AllocateTensors, 0, 0.162, 0.162, 100%, 100%, 0, 1, AllocateTensors/0

Number of nodes executed: 1
============================== Summary by node type ==============================
node type, count, avg_ms, avg %, cdf %, mem KB, times called
AllocateTensors, 1, 0.162, 100%, 100%, 0, 1

Timings (microseconds): count=1 curr=162
Memory (bytes): count=0
1 nodes observed


Operator-wise Profiling Info for Regular Benchmark Runs:
============================== Run Order ==============================
node type, start, first, avg_ms, %, cdf%, mem KB, times called, name
RESHAPE, 0.012572, 0.029, 0.030755, 0.334618%, 0.334618%, 0, 1, [stft/frame/Reshape]:0
GATHER, 0.043669, 0.694, 0.701436, 7.63171%, 7.96633%, 0, 1, [stft/frame/GatherV2;stft/frame/GatherV2/axis]:1
RESHAPE, 0.745516, 0.022, 0.024472, 0.266258%, 8.23259%, 0, 1, [stft/frame/Reshape_3]:2
MUL, 0.770295, 0.07, 0.070923, 0.771651%, 9.00424%, 0, 1, [stft/mul]:3
PAD, 0.841616, 0.062, 0.062605, 0.68115%, 9.68539%, 0, 1, [stft/rfft/Pad]:4
RESHAPE, 0.90459, 0.02, 0.019734, 0.214708%, 9.9001%, 0, 1, [stft/rfft3]:5
RFFT2D, 0.924804, 2.145, 2.12891, 23.1628%, 33.0629%, 0, 1, [stft/rfft4]:6
RESHAPE, 3.05467, 0.023, 0.021513, 0.234064%, 33.297%, 0, 1, [stft/rfft5]:7
COMPLEX_ABS, 3.07672, 0.735, 0.74015, 8.05292%, 41.3499%, 0, 1, [Abs]:8
RESHAPE, 3.81743, 0.01, 0.010453, 0.11373%, 41.4636%, 0, 1, [ExpandDims1]:9
RESIZE_BILINEAR, 3.82825, 0.161, 0.162968, 1.77311%, 43.2367%, 0, 1, [sequential_1/resizing_1/resize/ResizeBilinear]:10
CONV_2D, 3.99176, 0.519, 0.488142, 5.31105%, 48.5478%, 0, 1, [sequential_1/conv2d_2/Relu;sequential_1/conv2d_2/BiasAdd;sequential_1/conv2d_2/Conv2D;sequential_1/conv2d_2/BiasAdd/ReadVariableOp2]:11
CONV_2D, 4.48104, 2.192, 2.17408, 23.6543%, 72.202%, 0, 1, [sequential_1/conv2d_3/Relu;sequential_1/conv2d_3/BiasAdd;sequential_1/conv2d_3/Conv2D;sequential_1/conv2d_3/BiasAdd/ReadVariableOp]:12
MAX_POOL_2D, 6.65665, 0.275, 0.280427, 3.05108%, 75.2531%, 0, 1, [sequential_1/max_pooling2d_1/MaxPool]:13
RESHAPE, 6.93766, 0.01, 0.010574, 0.115046%, 75.3682%, 0, 1, [sequential_1/flatten_1/Reshape]:14
FULLY_CONNECTED, 6.94862, 2.254, 2.23641, 24.3325%, 99.7006%, 0, 1, [sequential_1/dense_2/MatMul;sequential_1/dense_2/Relu;sequential_1/dense_2/BiasAdd]:15
FULLY_CONNECTED, 9.18636, 0.009, 0.010642, 0.115786%, 99.8164%, 0, 1, [StatefulPartitionedCall:2]:16
ARG_MAX, 9.19742, 0.004, 0.003628, 0.0394731%, 99.8559%, 0, 1, [StatefulPartitionedCall:0]:17
GATHER, 9.20142, 0.013, 0.013246, 0.144118%, 100%, 0, 1, [StatefulPartitionedCall:1]:18

============================== Top by Computation Time ==============================
node type, start, first, avg_ms, %, cdf%, mem KB, times called, name
FULLY_CONNECTED, 6.94862, 2.254, 2.23641, 24.3325%, 24.3325%, 0, 1, [sequential_1/dense_2/MatMul;sequential_1/dense_2/Relu;sequential_1/dense_2/BiasAdd]:15
CONV_2D, 4.48104, 2.192, 2.17408, 23.6543%, 47.9867%, 0, 1, [sequential_1/conv2d_3/Relu;sequential_1/conv2d_3/BiasAdd;sequential_1/conv2d_3/Conv2D;sequential_1/conv2d_3/BiasAdd/ReadVariableOp]:12
RFFT2D, 0.924804, 2.145, 2.12891, 23.1628%, 71.1495%, 0, 1, [stft/rfft4]:6
COMPLEX_ABS, 3.07672, 0.735, 0.74015, 8.05292%, 79.2024%, 0, 1, [Abs]:8
GATHER, 0.043669, 0.694, 0.701436, 7.63171%, 86.8342%, 0, 1, [stft/frame/GatherV2;stft/frame/GatherV2/axis]:1
CONV_2D, 3.99176, 0.519, 0.488142, 5.31105%, 92.1452%, 0, 1, [sequential_1/conv2d_2/Relu;sequential_1/conv2d_2/BiasAdd;sequential_1/conv2d_2/Conv2D;sequential_1/conv2d_2/BiasAdd/ReadVariableOp2]:11
MAX_POOL_2D, 6.65665, 0.275, 0.280427, 3.05108%, 95.1963%, 0, 1, [sequential_1/max_pooling2d_1/MaxPool]:13
RESIZE_BILINEAR, 3.82825, 0.161, 0.162968, 1.77311%, 96.9694%, 0, 1, [sequential_1/resizing_1/resize/ResizeBilinear]:10
MUL, 0.770295, 0.07, 0.070923, 0.771651%, 97.741%, 0, 1, [stft/mul]:3
PAD, 0.841616, 0.062, 0.062605, 0.68115%, 98.4222%, 0, 1, [stft/rfft/Pad]:4

Number of nodes executed: 19
============================== Summary by node type ==============================
node type, count, avg_ms, avg %, cdf %, mem KB, times called
CONV_2D, 2, 2.662, 28.9947%, 28.9947%, 0, 2
FULLY_CONNECTED, 2, 2.246, 24.4636%, 53.4582%, 0, 2
RFFT2D, 1, 2.128, 23.1783%, 76.6365%, 0, 1
COMPLEX_ABS, 1, 0.74, 8.06012%, 84.6967%, 0, 1
GATHER, 2, 0.714, 7.77693%, 92.4736%, 0, 2
MAX_POOL_2D, 1, 0.28, 3.04978%, 95.5234%, 0, 1
RESIZE_BILINEAR, 1, 0.162, 1.76451%, 97.2879%, 0, 1
RESHAPE, 6, 0.114, 1.24169%, 98.5296%, 0, 6
MUL, 1, 0.07, 0.762444%, 99.292%, 0, 1
PAD, 1, 0.062, 0.675308%, 99.9673%, 0, 1
ARG_MAX, 1, 0.003, 0.0326762%, 100%, 0, 1

Timings (microseconds): count=1000 first=9247 curr=9149 min=8798 max=16056 avg=9191.07 std=247
Memory (bytes): count=0
19 nodes observed


