Profiling Info for Benchmark Initialization:
============================== Run Order ==============================
node type, start, first, avg_ms, %, cdf%, mem KB, times called, name
AllocateTensors, 0, 0.161, 0.161, 100%, 100%, 0, 1, AllocateTensors/0

============================== Top by Computation Time ==============================
node type, start, first, avg_ms, %, cdf%, mem KB, times called, name
AllocateTensors, 0, 0.161, 0.161, 100%, 100%, 0, 1, AllocateTensors/0

Number of nodes executed: 1
============================== Summary by node type ==============================
node type, count, avg_ms, avg %, cdf %, mem KB, times called
AllocateTensors, 1, 0.161, 100%, 100%, 0, 1

Timings (microseconds): count=1 curr=161
Memory (bytes): count=0
1 nodes observed


Operator-wise Profiling Info for Regular Benchmark Runs:
============================== Run Order ==============================
node type, start, first, avg_ms, %, cdf%, mem KB, times called, name
RESHAPE, 0.009447, 0.03, 0.030792, 0.251877%, 0.251877%, 0, 1, [stft/frame/Reshape]:0
GATHER, 0.040577, 0.695, 0.701674, 5.73965%, 5.99153%, 0, 1, [stft/frame/GatherV2;stft/frame/GatherV2/axis]:1
RESHAPE, 0.742638, 0.022, 0.024424, 0.199787%, 6.19131%, 0, 1, [stft/frame/Reshape_3]:2
MUL, 0.767363, 0.069, 0.069497, 0.568481%, 6.75979%, 0, 1, [stft/mul]:3
PAD, 0.837198, 0.061, 0.06221, 0.508874%, 7.26867%, 0, 1, [stft/rfft/Pad]:4
RESHAPE, 0.899753, 0.022, 0.019823, 0.162151%, 7.43082%, 0, 1, [stft/rfft3]:5
RFFT2D, 0.919987, 2.135, 2.13061, 17.4283%, 24.8591%, 0, 1, [stft/rfft4]:6
RESHAPE, 3.05124, 0.021, 0.02146, 0.175541%, 25.0346%, 0, 1, [stft/rfft5]:7
COMPLEX_ABS, 3.07319, 0.731, 0.740816, 6.05983%, 31.0945%, 0, 1, [Abs]:8
RESHAPE, 3.81454, 0.01, 0.010627, 0.0869282%, 31.1814%, 0, 1, [ExpandDims1]:9
RESIZE_BILINEAR, 3.82554, 0.195, 0.162901, 1.33252%, 32.5139%, 0, 1, [sequential_1/resizing_1/resize/ResizeBilinear]:10
CONV_2D, 3.98896, 0.478, 0.446224, 3.65008%, 36.164%, 0, 1, [sequential_1/conv2d_2/Relu;sequential_1/conv2d_2/BiasAdd;sequential_1/conv2d_2/Conv2D;sequential_1/conv2d_2/BiasAdd/ReadVariableOp2]:11
CONV_2D, 4.43617, 3.907, 3.89933, 31.8963%, 68.0603%, 0, 1, [sequential_1/conv2d_3/Relu;sequential_1/conv2d_3/BiasAdd;sequential_1/conv2d_3/Conv2D;sequential_1/conv2d_3/BiasAdd/ReadVariableOp]:12
MAX_POOL_2D, 8.33707, 0.278, 0.279929, 2.2898%, 70.3501%, 0, 1, [sequential_1/max_pooling2d_1/MaxPool]:13
RESHAPE, 8.61761, 0.012, 0.010907, 0.0892186%, 70.4393%, 0, 1, [sequential_1/flatten_1/Reshape]:14
FULLY_CONNECTED, 8.62895, 3.648, 3.58496, 29.3248%, 99.7641%, 0, 1, [sequential_1/dense_2/MatMul;sequential_1/dense_2/Relu;sequential_1/dense_2/BiasAdd]:15
FULLY_CONNECTED, 12.2152, 0.011, 0.011418, 0.0933985%, 99.8575%, 0, 1, [StatefulPartitionedCall:2]:16
ARG_MAX, 12.2271, 0.004, 0.003669, 0.0300122%, 99.8875%, 0, 1, [StatefulPartitionedCall:0]:17
GATHER, 12.2311, 0.013, 0.013753, 0.112499%, 100%, 0, 1, [StatefulPartitionedCall:1]:18

============================== Top by Computation Time ==============================
node type, start, first, avg_ms, %, cdf%, mem KB, times called, name
CONV_2D, 4.43617, 3.907, 3.89933, 31.8963%, 31.8963%, 0, 1, [sequential_1/conv2d_3/Relu;sequential_1/conv2d_3/BiasAdd;sequential_1/conv2d_3/Conv2D;sequential_1/conv2d_3/BiasAdd/ReadVariableOp]:12
FULLY_CONNECTED, 8.62895, 3.648, 3.58496, 29.3248%, 61.2211%, 0, 1, [sequential_1/dense_2/MatMul;sequential_1/dense_2/Relu;sequential_1/dense_2/BiasAdd]:15
RFFT2D, 0.919987, 2.135, 2.13061, 17.4283%, 78.6493%, 0, 1, [stft/rfft4]:6
COMPLEX_ABS, 3.07319, 0.731, 0.740816, 6.05983%, 84.7092%, 0, 1, [Abs]:8
GATHER, 0.040577, 0.695, 0.701674, 5.73965%, 90.4488%, 0, 1, [stft/frame/GatherV2;stft/frame/GatherV2/axis]:1
CONV_2D, 3.98896, 0.478, 0.446224, 3.65008%, 94.0989%, 0, 1, [sequential_1/conv2d_2/Relu;sequential_1/conv2d_2/BiasAdd;sequential_1/conv2d_2/Conv2D;sequential_1/conv2d_2/BiasAdd/ReadVariableOp2]:11
MAX_POOL_2D, 8.33707, 0.278, 0.279929, 2.2898%, 96.3887%, 0, 1, [sequential_1/max_pooling2d_1/MaxPool]:13
RESIZE_BILINEAR, 3.82554, 0.195, 0.162901, 1.33252%, 97.7212%, 0, 1, [sequential_1/resizing_1/resize/ResizeBilinear]:10
MUL, 0.767363, 0.069, 0.069497, 0.568481%, 98.2897%, 0, 1, [stft/mul]:3
PAD, 0.837198, 0.061, 0.06221, 0.508874%, 98.7986%, 0, 1, [stft/rfft/Pad]:4

Number of nodes executed: 19
============================== Summary by node type ==============================
node type, count, avg_ms, avg %, cdf %, mem KB, times called
CONV_2D, 2, 4.345, 35.5768%, 35.5768%, 0, 2
FULLY_CONNECTED, 2, 3.595, 29.4358%, 65.0127%, 0, 2
RFFT2D, 1, 2.13, 17.4404%, 82.4531%, 0, 1
COMPLEX_ABS, 1, 0.74, 6.05912%, 88.5122%, 0, 1
GATHER, 2, 0.714, 5.84623%, 94.3585%, 0, 2
MAX_POOL_2D, 1, 0.279, 2.28445%, 96.6429%, 0, 1
RESIZE_BILINEAR, 1, 0.162, 1.32646%, 97.9694%, 0, 1
RESHAPE, 6, 0.114, 0.933432%, 98.9028%, 0, 6
MUL, 1, 0.069, 0.564972%, 99.4678%, 0, 1
PAD, 1, 0.062, 0.507656%, 99.9754%, 0, 1
ARG_MAX, 1, 0.003, 0.024564%, 100%, 0, 1

Timings (microseconds): count=1000 first=12342 curr=12220 min=11971 max=12534 avg=12225 std=93
Memory (bytes): count=0
19 nodes observed


